iteration,data_size,number_of_attributes,number_of_trees
1,513,112,101
2,513,112,103
3,513,112,106
4,513,112,110
5,513,112,115
6,513,112,121
7,513,112,128
8,513,112,136
9,513,112,145
10,513,112,155
11,513,112,166
12,513,112,178
13,513,112,191
14,513,112,205
15,513,112,220
16,513,112,236
17,513,112,253
18,513,112,271
19,513,112,290
20,513,112,310
21,513,112,331
22,513,112,353
23,513,112,376
24,513,112,400
25,513,112,425